#Capture metadata
#Mon Feb 19 12:46:17 CET 2018
zcVideoYOffsetFactor=-0.0035237567017933065
scanType=MACULAR_COMBO
yOffset=-0.09993710224980044
scanWidth=3
signalStrength=6
scanHeight=3
hd=true
zcVideoXOffsetFactor=6.669439822518559E-4
xOffset=-1.1000069856026986
scanDate=2018-02-19 11\:08\:54.671
rotation=0
